14
14
1 4 5
1 10 5
2 3 2
2 6 3
2 8 1
2 9 5
2 11 5
3 7 2
3 11 0
3 13 3
4 2 0
4 3 1
4 5 1
4 8 5
4 14 5
5 1 5
5 11 0
6 2 5
6 8 2
6 13 1
7 2 5
7 4 5
7 6 0
7 12 2
8 3 2
8 9 5
8 11 5
8 13 5
9 2 2
9 7 1
9 13 5
10 4 1
10 14 1
11 1 1
11 7 5
11 10 0
11 12 0
11 13 0
12 2 1
12 4 5
12 8 5
13 4 1
13 6 0
13 7 3
13 9 5
13 12 3
14 5 1
14 11 5
48
1 2
1 3
1 8
1 9
1 12
2 2
2 4
2 12
2 14
3 6
4 4
4 9
4 12
5 3
5 5
5 7
5 9
5 10
5 12
6 3
6 12
7 3
7 5
7 13
7 14
8 1
8 6
8 14
9 3
9 5
9 9
9 11
10 9
10 10
10 11
10 12
11 5
11 9
12 3
12 5
12 7
12 10
12 12
13 1
13 11
14 1
14 3
14 13
