14
14
1 4 5
1 10 5
2 3 2
2 6 3
2 8 1
2 9 5
2 11 5
3 7 2
3 11 0
3 13 3
4 2 0
4 3 1
4 5 1
4 8 5
4 14 5
5 1 5
5 11 0
6 2 5
6 8 2
6 13 1
7 2 5
7 4 5
7 6 0
7 12 2
8 3 2
8 9 5
8 11 5
8 13 5
9 2 2
9 7 1
9 13 5
10 4 1
10 14 1
11 1 1
11 7 5
11 10 0
11 12 0
11 13 0
12 2 1
12 4 5
12 8 5
13 4 1
13 6 0
13 7 3
13 9 5
13 12 3
14 5 1
14 11 5
39
1 1
1 8
1 12
2 1
2 12
3 4
3 5
3 6
3 8
3 10
3 12
4 4
4 6
4 13
5 7
6 3
6 5
6 10
6 14
7 3
8 1
8 6
8 7
9 1
9 4
9 10
9 12
9 14
10 2
11 4
11 5
11 8
11 11
12 3
13 10
13 11
13 13
14 4
14 8
