10
12
1 2 0
1 5 5
1 11 2
2 11 5
3 2 5
3 3 2
3 8 0
4 11 5
5 9 5
5 11 0
6 3 0
6 4 5
6 11 0
7 8 4
8 2 0
9 6 2
9 11 0
10 2 0
10 11 0
117	-1	-2	44
1 12
1 10
7 9
8 8
7 7
6 8
10 6
2 5
4 1
9 5
7 7
3 11
5 4
2 5
117	-1	-2	44
1 12
1 10
7 9
8 8
7 7
6 8
10 6
2 5
4 1
9 5
7 7
3 11
5 4
2 5
117	-1	-2	44
1 12
1 10
7 9
8 8
7 7
6 8
10 6
2 5
4 1
9 5
7 7
3 11
5 4
2 5
117	-1	-2	44
1 12
1 10
7 9
8 8
7 7
6 8
10 6
2 5
4 1
9 5
7 7
3 11
5 4
2 5
117	-1	-2	44
1 12
1 10
7 9
8 8
7 7
6 8
10 6
2 5
4 1
9 5
7 7
3 11
5 4
2 5
117	-1	-2	44
1 12
1 10
7 9
8 8
7 7
6 8
10 6
2 5
4 1
9 5
7 7
3 11
5 4
2 5
117	-1	-2	44
1 12
1 10
7 9
8 8
7 7
6 8
10 6
2 5
4 1
9 5
7 7
3 11
5 4
2 5
117	-1	-2	44
1 12
1 10
7 9
8 8
7 7
6 8
10 6
2 5
4 1
9 5
7 7
3 11
5 4
2 5
118	-8	-3	44
1 12
1 10
7 9
8 8
7 7
6 8
10 7
9 3
3 12
1 4
7 7
10 4
3 4
2 9
1 10
5 1
10 9
3 5
7 2
5 1
4 3
117	-1	-2	44
1 12
1 10
7 9
8 8
7 7
6 8
10 6
2 5
4 1
9 5
7 7
3 11
5 4
2 5
117	-1	-2	44
1 12
1 10
7 9
8 8
7 7
6 8
10 6
2 5
4 1
9 5
7 7
3 11
5 4
2 5
117	-1	-2	44
1 12
1 10
7 9
8 8
7 7
6 8
10 6
2 5
4 1
9 5
7 7
3 11
5 4
2 5
117	-1	-2	44
1 12
1 10
7 9
8 8
7 7
6 8
10 6
2 5
4 1
9 5
7 7
3 11
5 4
2 5
117	-1	-2	44
1 12
1 10
7 9
8 8
7 7
6 8
10 6
2 5
4 1
9 5
7 7
3 11
5 4
2 5
117	-1	-2	44
1 12
1 10
7 9
8 8
7 7
6 8
10 6
2 5
4 1
9 5
7 7
3 11
5 4
2 5
115	0	-1	44
1 12
1 10
7 9
8 8
7 7
6 8
10 6
2 3
5 1
9 5
4 6
115	0	-1	44
1 12
1 10
7 9
8 8
7 7
6 8
10 6
2 3
5 1
9 5
4 6
115	0	-1	44
1 12
1 10
7 9
8 8
7 7
6 8
10 6
2 3
5 1
9 5
4 6
115	0	-1	44
1 12
1 10
7 9
8 8
7 7
6 8
10 6
2 3
5 1
9 5
4 6
115	0	-1	44
1 12
1 10
7 9
8 8
7 7
6 8
10 6
2 3
5 1
9 5
4 6
117	-1	-2	44
1 12
1 10
7 9
8 8
7 7
6 8
10 6
2 5
4 1
9 5
7 7
3 11
5 4
2 5
117	-1	-2	44
1 12
1 10
7 9
8 8
7 7
6 8
10 6
2 5
4 1
9 5
7 7
3 11
5 4
2 5
117	-1	-2	44
1 12
1 10
7 9
8 8
7 7
6 8
10 6
2 5
4 1
9 5
7 7
3 11
5 4
2 5
117	-1	-2	44
1 12
1 10
7 9
8 8
7 7
6 8
10 6
2 5
4 1
9 5
7 7
3 11
5 4
2 5
117	-1	-2	44
1 12
1 10
7 9
8 8
7 7
6 8
10 6
2 5
4 1
9 5
3 11
3 11
5 4
2 5
117	-1	-2	44
1 12
1 10
7 9
8 8
7 7
6 8
10 6
2 5
4 1
9 5
7 7
3 11
5 4
2 5
117	-1	-2	44
1 12
1 10
7 9
8 8
7 7
6 8
10 6
2 5
4 1
9 5
7 7
3 11
5 4
2 5
117	-1	-2	44
1 12
1 10
7 9
8 8
7 7
6 8
10 6
2 5
4 1
9 5
3 11
3 11
5 4
2 5
115	0	-1	44
1 12
1 10
7 9
8 8
7 7
6 8
10 6
2 3
5 1
9 5
4 6
115	0	-1	44
1 12
1 10
7 9
8 8
7 7
6 8
10 6
2 3
5 1
9 5
4 6
115	0	-1	44
1 12
1 10
7 9
8 8
7 7
6 8
10 6
2 3
5 1
9 5
4 6
115	0	-1	44
1 12
1 10
7 9
8 8
7 7
6 8
10 6
2 3
5 1
9 5
4 6
115	0	-1	44
1 12
1 10
7 9
8 8
7 7
6 8
10 6
2 3
5 1
9 5
4 6
115	0	-1	44
1 12
1 10
7 9
8 8
7 7
6 8
10 6
2 3
5 1
9 5
4 6
117	-1	-2	44
1 12
1 10
7 9
8 8
7 7
6 8
10 6
2 5
4 1
9 5
7 7
3 11
5 4
2 5
117	-1	-2	44
1 12
1 10
7 9
8 8
7 7
6 8
10 6
2 5
4 1
9 5
7 7
3 11
5 4
2 5
115	0	-1	44
1 12
1 10
7 9
8 8
7 7
6 8
10 6
2 3
5 1
9 5
4 6
115	0	-1	44
1 12
1 10
7 9
8 8
7 7
6 8
10 6
2 3
5 1
9 5
4 6
115	0	-1	44
1 12
1 10
7 9
8 8
7 7
6 8
10 6
2 3
5 1
9 5
4 6
115	0	-1	44
1 12
1 10
7 9
8 8
7 7
6 8
10 6
2 3
5 1
9 5
4 6
115	0	-1	44
1 12
1 10
7 9
8 8
7 7
6 8
10 6
2 3
5 1
9 5
4 6
115	0	-1	44
1 12
1 10
7 9
8 8
7 7
6 8
10 6
2 3
5 1
9 5
4 6
119	-5	-4	44
1 12
1 10
7 9
8 8
7 7
6 8
3 4
9 3
3 12
1 4
7 7
2 6
2 6
9 2
1 10
5 1
10 9
3 5
5 1
4 3
4 3
115	0	-1	44
1 12
1 10
7 9
8 8
7 7
6 8
10 6
2 3
5 1
9 5
4 6
