14
14
1 4 5
1 10 5
2 3 2
2 6 3
2 8 1
2 9 5
2 11 5
3 7 2
3 11 0
3 13 3
4 2 0
4 3 1
4 5 1
4 8 5
4 14 5
5 1 5
5 11 0
6 2 5
6 8 2
6 13 1
7 2 5
7 4 5
7 6 0
7 12 2
8 3 2
8 9 5
8 11 5
8 13 5
9 2 2
9 7 1
9 13 5
10 4 1
10 14 1
11 1 1
11 7 5
11 10 0
11 12 0
11 13 0
12 2 1
12 4 5
12 8 5
13 4 1
13 6 0
13 7 3
13 9 5
13 12 3
14 5 1
14 11 5
173	0	-12	144
3 14
12 7
2 13
9 14
13 8
14 7
11 5
13 13
14 12
13 11
14 4
3 9
12 1
1 6
10 2
7 8
1 2
12 9
6 12
5 3
6 7
3 6
13 3
4 10
12 9
8 2
173	0	-12	144
3 14
12 7
2 13
9 14
13 8
14 7
11 5
13 13
14 12
13 11
14 4
3 9
12 1
1 6
10 2
7 8
1 2
12 9
6 12
5 3
6 7
3 6
13 3
4 10
12 9
8 2
169	0	-9	144
3 14
4 13
2 13
9 14
13 8
14 7
12 7
13 13
14 12
13 11
14 4
3 9
12 1
1 6
10 2
2 7
1 2
12 9
6 12
5 3
6 7
3 6
13 3
11 8
8 5
8 2
169	0	-9	144
3 14
4 13
2 13
9 14
13 8
14 7
12 7
13 13
14 12
13 11
14 4
3 9
12 1
1 6
10 2
2 7
1 2
12 9
6 12
5 3
6 7
3 6
13 3
11 8
8 5
8 2
169	0	-9	144
3 14
4 13
2 13
9 14
13 8
14 7
12 7
13 13
14 12
13 11
14 4
3 9
12 1
1 6
10 2
2 7
1 2
12 9
6 12
5 3
6 7
3 6
13 3
11 8
8 5
8 2
169	0	-9	144
3 14
4 13
2 13
9 14
13 8
14 7
12 7
13 13
14 12
13 11
14 4
3 9
12 1
1 6
10 2
2 7
1 2
12 9
6 12
5 3
6 7
3 6
13 3
11 8
8 5
8 2
169	0	-9	144
3 14
4 13
2 13
9 14
13 8
14 7
12 7
13 13
14 12
13 11
14 4
3 9
12 1
1 6
10 2
2 7
1 2
12 9
6 12
5 3
6 7
3 6
13 3
11 8
8 5
8 2
169	0	-9	144
3 14
4 13
2 13
9 14
13 8
14 7
12 7
13 13
14 12
13 11
14 4
3 9
12 1
1 6
10 2
2 7
1 2
12 9
6 12
5 3
6 7
3 6
13 3
11 8
8 5
8 2
174	0	-14	144
3 14
12 7
2 13
9 14
13 8
14 7
11 5
13 13
14 12
13 11
14 4
3 9
12 1
1 6
10 2
10 12
1 2
12 9
6 12
5 3
6 7
3 6
13 3
4 10
5 3
8 2
169	0	-9	144
3 14
4 13
2 13
9 14
13 8
14 7
12 7
13 13
14 12
13 11
14 4
3 9
12 1
1 6
10 2
2 7
1 2
12 9
6 12
5 3
6 7
3 6
13 3
11 8
8 5
8 2
175	0	-16	144
2 10
4 13
2 13
9 14
13 8
14 7
12 7
13 13
14 12
13 11
14 4
1 8
7 9
9 5
10 6
4 4
1 2
12 9
6 12
5 3
6 7
3 6
13 3
11 8
8 2
8 2
169	0	-9	144
3 14
4 13
2 13
9 14
13 8
14 7
12 7
13 13
14 12
13 11
14 4
3 9
12 1
1 6
10 2
2 7
1 2
12 9
6 12
5 3
6 7
3 6
13 3
11 8
8 5
8 2
169	0	-9	144
3 14
4 13
2 13
9 14
13 8
14 7
12 7
13 13
14 12
13 11
14 4
3 9
12 1
1 6
10 2
2 7
1 2
12 9
6 12
5 3
6 7
3 6
13 3
11 8
8 5
8 2
169	0	-9	144
3 14
4 13
2 13
9 14
13 8
14 7
12 7
13 13
14 12
13 11
14 4
3 9
12 1
1 6
10 2
2 7
1 2
12 9
6 12
5 3
6 7
3 6
13 3
11 8
8 5
8 2
174	0	-14	144
3 14
12 7
2 13
9 14
13 8
14 7
11 5
13 13
14 12
13 11
14 4
3 9
12 1
1 6
10 2
10 12
1 2
12 9
6 12
5 3
6 7
3 6
13 3
4 10
5 3
8 2
169	0	-9	144
3 14
4 13
2 13
9 14
13 8
14 7
12 7
13 13
14 12
13 11
14 4
3 9
12 1
1 6
10 2
2 7
1 2
12 9
6 12
5 3
6 7
3 6
13 3
11 8
8 5
8 2
169	0	-9	144
3 14
4 13
2 13
9 14
13 8
14 7
12 7
13 13
14 12
13 11
14 4
3 9
12 1
1 6
10 2
2 7
1 2
12 9
6 12
5 3
6 7
3 6
13 3
11 8
8 5
8 2
169	0	-9	144
3 14
4 13
2 13
9 14
13 8
14 7
12 7
13 13
14 12
13 11
14 4
3 9
12 1
1 6
10 2
2 7
1 2
12 9
6 12
5 3
6 7
3 6
13 3
11 8
8 5
8 2
169	0	-9	144
3 14
4 13
2 13
9 14
13 8
14 7
12 7
13 13
14 12
13 11
14 4
3 9
12 1
1 6
10 2
2 7
1 2
12 9
6 12
5 3
6 7
3 6
13 3
11 8
8 5
8 2
169	0	-9	144
3 14
4 13
2 13
9 14
13 8
14 7
12 7
13 13
14 12
13 11
14 4
3 9
12 1
1 6
10 2
2 7
1 2
12 9
6 12
5 3
6 7
3 6
13 3
11 8
8 5
8 2
169	0	-9	144
3 14
4 13
2 13
9 14
13 8
14 7
12 7
13 13
14 12
13 11
14 4
3 9
12 1
1 6
10 2
2 7
1 2
12 9
6 12
5 3
6 7
3 6
13 3
11 6
8 5
8 2
169	0	-9	144
3 14
4 13
2 13
9 14
13 8
14 7
12 7
13 13
14 12
13 11
14 4
3 9
12 1
1 6
10 2
2 7
1 2
12 9
6 12
5 3
6 7
3 6
13 3
11 8
8 5
8 2
174	0	-14	144
3 14
12 7
2 13
9 14
13 8
14 7
11 5
13 13
14 12
13 11
14 4
3 9
12 1
1 6
10 2
10 12
1 2
12 9
6 12
5 3
6 7
3 6
13 3
4 10
5 3
8 2
169	0	-9	144
3 14
4 13
2 13
9 14
13 8
14 7
12 7
13 13
14 12
13 11
14 4
3 9
12 1
1 6
10 2
2 7
1 2
12 9
6 12
5 3
6 7
3 6
13 3
11 8
8 5
8 2
169	0	-9	144
3 14
4 13
2 13
9 14
13 8
14 7
12 7
13 13
14 12
13 11
14 4
3 9
12 1
1 6
10 2
2 7
1 2
12 9
6 12
5 3
6 7
3 6
13 3
11 8
8 5
8 2
169	0	-9	144
3 14
4 13
2 13
9 14
13 8
14 7
12 7
13 13
14 12
13 11
14 4
3 9
12 1
1 6
10 2
2 7
1 2
12 9
6 12
5 3
6 7
3 6
13 3
11 8
8 5
8 2
169	0	-9	144
3 14
4 13
2 13
9 14
13 8
14 7
12 7
13 13
14 12
13 11
14 4
3 9
12 1
1 6
10 2
2 7
1 2
12 9
6 12
5 3
6 7
3 6
13 3
11 6
8 5
8 2
169	0	-9	144
3 14
4 13
2 13
9 14
13 8
14 7
12 7
13 13
14 12
13 11
14 4
3 9
12 1
1 6
10 2
2 7
1 2
12 9
6 12
5 3
6 7
3 6
13 3
11 8
8 5
8 2
169	0	-9	144
3 14
4 13
2 13
9 14
13 8
14 7
12 7
13 13
14 12
13 11
14 4
3 9
12 1
1 6
10 2
2 7
1 2
12 9
6 12
5 3
6 7
3 6
13 3
11 8
8 5
8 2
169	0	-9	144
3 14
4 13
2 13
9 14
13 8
14 7
12 7
13 13
14 12
13 11
14 4
3 9
12 1
1 6
10 2
2 7
1 2
12 9
6 12
5 3
6 7
3 6
13 3
11 8
8 5
8 2
169	0	-9	144
3 14
4 13
2 13
9 14
13 8
14 7
12 7
13 13
14 12
13 11
14 4
3 9
12 1
1 6
10 2
2 7
1 2
12 9
6 12
5 3
6 7
3 6
13 3
11 8
8 5
8 2
169	0	-9	144
3 14
4 13
2 13
9 14
13 8
14 7
12 7
13 13
14 12
13 11
14 4
3 9
12 1
1 6
10 2
2 7
1 2
12 9
6 12
5 3
6 7
3 6
13 3
11 8
8 5
8 2
169	0	-9	144
3 14
4 13
2 13
9 14
13 8
14 7
12 7
13 13
14 12
13 11
14 4
3 9
12 1
1 6
10 2
2 7
1 2
12 9
6 12
5 3
6 7
3 6
13 3
11 8
8 5
8 2
169	0	-9	144
3 14
4 13
2 13
9 14
13 8
14 7
12 7
13 13
14 12
13 11
14 4
3 9
12 1
1 6
10 2
2 7
1 2
12 9
6 12
5 3
6 7
3 6
13 3
11 8
8 5
8 2
169	0	-9	144
3 14
4 13
2 13
9 14
13 8
14 7
12 7
13 13
14 12
13 11
14 4
3 9
12 1
1 6
10 2
2 7
1 2
12 9
6 12
5 3
6 7
3 6
13 3
11 8
8 5
8 2
172	0	-10	144
2 10
4 13
2 13
9 14
13 8
14 7
12 7
13 13
14 12
13 11
14 4
3 9
12 1
1 6
10 2
2 7
1 2
12 9
6 12
5 3
6 7
3 6
13 3
11 8
8 5
8 2
172	0	-10	144
2 10
4 13
2 13
9 14
13 8
14 7
12 7
13 13
14 12
13 11
14 4
3 9
12 1
1 6
10 2
2 7
1 2
12 9
6 12
5 3
6 7
3 6
13 3
11 8
8 5
8 2
169	0	-9	144
3 14
4 13
2 13
9 14
13 8
14 7
12 7
13 13
14 12
13 11
14 4
3 9
12 1
1 6
10 2
2 7
1 2
12 9
6 12
5 3
6 7
3 6
13 3
11 8
8 5
8 2
172	0	-10	144
2 10
4 13
2 13
9 14
13 8
14 7
12 7
13 13
14 12
13 11
14 4
3 9
12 1
1 6
10 2
2 7
1 2
12 9
6 12
5 3
6 7
3 6
13 3
11 8
8 5
8 2
169	0	-9	144
3 14
4 13
2 13
9 14
13 8
14 7
12 7
13 13
14 12
13 11
14 4
3 9
12 1
1 6
10 2
2 7
1 2
12 9
6 12
5 3
6 7
3 6
13 3
11 8
8 5
8 2
169	0	-9	144
3 14
4 13
2 13
9 14
13 8
14 7
12 7
13 13
14 12
13 11
14 4
3 9
12 1
1 6
10 2
2 7
1 2
12 9
6 12
5 3
6 7
3 6
13 3
11 8
8 5
8 2
169	0	-9	144
3 14
4 13
2 13
9 14
13 8
14 7
12 7
13 13
14 12
13 11
14 4
3 9
12 1
1 6
10 2
2 7
1 2
12 9
6 12
5 3
6 7
3 6
13 3
11 8
8 5
8 2
169	0	-9	144
3 14
4 13
2 13
9 14
13 8
14 7
12 7
13 13
14 12
13 11
14 4
3 9
12 1
1 6
10 2
2 7
1 2
12 9
6 12
5 3
6 7
3 6
13 3
11 8
8 5
8 2
169	0	-9	144
3 14
4 13
2 13
9 14
13 8
14 7
12 7
13 13
14 12
13 11
14 4
3 9
12 1
1 6
10 2
2 7
1 2
12 9
6 12
5 3
6 7
3 6
13 3
11 8
8 5
8 2
169	0	-9	144
3 14
4 13
2 13
9 14
13 8
14 7
12 7
13 13
14 12
13 11
14 4
3 9
12 1
1 6
10 2
2 7
1 2
12 9
6 12
5 3
6 7
3 6
13 3
11 8
8 5
8 2
169	0	-9	144
3 14
4 13
2 13
9 14
13 8
14 7
12 7
13 13
14 12
13 11
14 4
3 9
12 1
1 6
10 2
2 7
1 2
12 9
6 12
5 3
6 7
3 6
13 3
11 8
8 5
8 2
169	0	-9	144
3 14
4 13
2 13
9 14
13 8
14 7
12 7
13 13
14 12
13 11
14 4
3 9
12 1
1 6
10 2
2 7
1 2
12 9
6 12
5 3
6 7
3 6
13 3
11 8
8 5
8 2
169	0	-9	144
3 14
4 13
2 13
9 14
13 8
14 7
12 7
13 13
14 12
13 11
14 4
3 9
12 1
1 6
10 2
2 7
1 2
12 9
6 12
5 3
6 7
3 6
13 3
11 8
8 5
8 2
169	0	-9	144
3 14
4 13
2 13
9 14
13 8
14 7
12 7
13 13
14 12
13 11
14 4
3 9
12 1
1 6
10 2
2 7
1 2
12 9
6 12
5 3
6 7
3 6
13 3
11 8
8 5
8 2
169	0	-9	144
3 14
4 13
2 13
9 14
13 8
14 7
12 7
13 13
14 12
13 11
14 4
3 9
12 1
1 6
10 2
2 7
1 2
12 9
6 12
5 3
6 7
3 6
13 3
11 8
8 5
8 2
169	0	-9	144
3 14
4 13
2 13
9 14
13 8
14 7
12 7
13 13
14 12
13 11
14 4
3 9
12 1
1 6
10 2
2 7
1 2
12 9
6 12
5 3
6 7
3 6
13 3
11 8
8 5
8 2
169	0	-9	144
3 14
4 13
2 13
9 14
13 8
14 7
12 7
13 13
14 12
13 11
14 4
3 9
12 1
1 6
10 2
2 7
1 2
12 9
6 12
5 3
6 7
3 6
13 3
11 8
8 5
8 2
169	0	-9	144
3 14
4 13
2 13
9 14
13 8
14 7
12 7
13 13
14 12
13 11
14 4
3 9
12 1
1 6
10 2
2 7
1 2
12 9
6 12
5 3
6 7
3 6
13 3
11 8
8 5
8 2
169	0	-9	144
3 14
4 13
2 13
9 14
13 8
14 7
12 7
13 13
14 12
13 11
14 4
3 9
12 1
1 6
10 2
2 7
1 2
12 9
6 12
5 3
6 7
3 6
13 3
11 8
8 5
8 2
169	0	-9	144
3 14
4 13
2 13
9 14
13 8
14 7
12 7
13 13
14 12
13 11
14 4
3 9
12 1
1 6
10 2
2 7
1 2
12 9
6 12
5 3
6 7
3 6
13 3
11 8
8 5
8 2
169	0	-9	144
3 14
4 13
2 13
9 14
13 8
14 7
12 7
13 13
14 12
13 11
14 4
3 9
12 1
1 6
10 2
2 7
1 2
12 9
6 12
5 3
6 7
3 6
13 3
11 8
8 5
8 2
169	0	-9	144
3 14
4 13
2 13
9 14
13 8
14 7
12 7
13 13
14 12
13 11
14 4
3 9
12 1
1 6
10 2
2 7
1 2
12 9
6 12
5 3
6 7
3 6
13 3
11 8
8 5
8 2
169	0	-9	144
3 14
4 13
2 13
9 14
13 8
14 7
12 7
13 13
14 12
13 11
14 4
3 9
12 1
1 6
10 2
2 7
1 2
12 9
6 12
5 3
6 7
3 6
13 3
11 8
8 5
8 2
169	0	-9	144
3 14
4 13
2 13
9 14
13 8
14 7
12 7
13 13
14 12
13 11
14 4
3 9
12 1
1 6
10 2
2 7
1 2
12 9
6 12
5 3
6 7
3 6
13 3
11 8
8 5
8 2
169	0	-9	144
3 14
4 13
2 13
9 14
13 8
14 7
12 7
13 13
14 12
13 11
14 4
3 9
12 1
1 6
10 2
2 7
1 2
12 9
6 12
5 3
6 7
3 6
13 3
11 8
8 5
8 2
169	0	-9	144
3 14
4 13
2 13
9 14
13 8
14 7
12 7
13 13
14 12
13 11
14 4
3 9
12 1
1 6
10 2
2 7
1 2
12 9
6 12
5 3
6 7
3 6
13 3
11 8
8 5
8 2
169	0	-9	144
3 14
4 13
2 13
9 14
13 8
14 7
12 7
13 13
14 12
13 11
14 4
3 9
12 1
1 6
10 2
2 7
1 2
12 9
6 12
5 3
6 7
3 6
13 3
11 8
8 5
8 2
157	-1	-6	144
3 14
4 13
2 13
9 14
13 8
14 7
12 7
13 13
14 12
13 11
14 4
9 4
12 1
1 6
10 2
2 7
1 2
12 9
6 12
5 3
6 7
3 6
9 8
4 10
12 9
8 2
169	0	-9	144
3 14
4 13
2 13
9 14
13 8
14 7
12 7
13 13
14 12
13 11
14 4
3 9
12 1
1 6
10 2
2 7
1 2
12 9
6 12
5 3
6 7
3 6
13 3
11 8
8 5
8 2
169	0	-9	144
3 14
4 13
2 13
9 14
13 8
14 7
12 7
13 13
14 12
13 11
14 4
3 9
12 1
1 6
10 2
2 7
1 2
12 9
6 12
5 3
6 7
3 6
13 3
11 8
8 5
8 2
169	0	-9	144
3 14
4 13
2 13
9 14
13 8
14 7
12 7
13 13
14 12
13 11
14 4
3 9
12 1
1 6
10 2
2 7
1 2
12 9
6 12
5 3
6 7
3 6
13 3
11 8
8 5
8 2
169	0	-9	144
3 14
4 13
2 13
9 14
13 8
14 7
12 7
13 13
14 12
13 11
14 4
3 9
12 1
1 6
10 2
2 7
1 2
12 9
6 12
5 3
6 7
3 6
13 3
11 8
8 5
8 2
169	0	-9	144
3 14
4 13
2 13
9 14
13 8
14 7
12 7
13 13
14 12
13 11
14 4
3 9
12 1
1 6
10 2
2 7
1 2
12 9
6 12
5 3
6 7
3 6
13 3
11 8
8 5
8 2
169	0	-9	144
3 14
4 13
2 13
9 14
13 8
14 7
12 7
13 13
14 12
13 11
14 4
3 9
12 1
1 6
10 2
2 7
1 2
12 9
6 12
5 3
6 7
3 6
13 3
11 8
8 5
8 2
169	0	-9	144
3 14
4 13
2 13
9 14
13 8
14 7
12 7
13 13
14 12
13 11
14 4
3 9
12 1
1 6
10 2
2 7
1 2
12 9
6 12
5 3
6 7
3 6
13 3
11 8
8 5
8 2
157	-1	-6	144
3 14
4 13
2 13
9 14
13 8
14 7
12 7
13 13
14 12
13 11
14 4
9 4
12 1
1 6
10 2
2 7
1 2
12 9
6 12
5 3
6 7
3 6
9 8
4 10
12 9
8 2
169	0	-9	144
3 14
4 13
2 13
9 14
13 8
14 7
12 7
13 13
14 12
13 11
14 4
3 9
12 1
1 6
10 2
2 7
1 2
12 9
6 12
5 3
6 7
3 6
13 3
11 8
8 5
8 2
169	0	-9	144
3 14
4 13
2 13
9 14
13 8
14 7
12 7
13 13
14 12
13 11
14 4
3 9
12 1
1 6
10 2
2 7
1 2
12 9
6 12
5 3
6 7
3 6
13 3
11 8
8 5
8 2
169	0	-9	144
3 14
4 13
2 13
9 14
13 8
14 7
12 7
13 13
14 12
13 11
14 4
3 9
12 1
1 6
10 2
2 7
1 2
12 9
6 12
5 3
6 7
3 6
13 3
11 8
8 5
8 2
169	0	-9	144
3 14
4 13
2 13
9 14
13 8
14 7
12 7
13 13
14 12
13 11
14 4
3 9
12 1
1 6
10 2
2 7
1 2
12 9
6 12
5 3
6 7
3 6
13 3
11 8
8 5
8 2
169	0	-9	144
3 14
4 13
2 13
9 14
13 8
14 7
12 7
13 13
14 12
13 11
14 4
3 9
12 1
1 6
10 2
2 7
1 2
12 9
6 12
5 3
6 7
3 6
13 3
11 8
8 5
8 2
169	0	-9	144
3 14
4 13
2 13
9 14
13 8
14 7
12 7
13 13
14 12
13 11
14 4
3 9
12 1
1 6
10 2
2 7
1 2
12 9
6 12
5 3
6 7
3 6
13 3
11 6
8 5
8 2
169	0	-9	144
3 14
4 13
2 13
9 14
13 8
14 7
12 7
13 13
14 12
13 11
14 4
3 9
12 1
1 6
10 2
2 7
1 2
12 9
6 12
5 3
6 7
3 6
13 3
11 6
8 5
8 2
172	0	-10	144
2 10
4 13
2 13
9 14
13 8
14 7
12 7
13 13
14 12
13 11
14 4
3 9
12 1
1 6
10 2
2 7
1 2
12 9
6 12
5 3
6 7
3 6
13 3
11 8
8 5
8 2
169	0	-9	144
3 14
4 13
2 13
9 14
13 8
14 7
12 7
13 13
14 12
13 11
14 4
3 9
12 1
1 6
10 2
2 7
1 2
12 9
6 12
5 3
6 7
3 6
13 3
11 8
8 5
8 2
169	0	-9	144
3 14
4 13
2 13
9 14
13 8
14 7
12 7
13 13
14 12
13 11
14 4
3 9
12 1
1 6
10 2
2 7
1 2
12 9
6 12
5 3
6 7
3 6
13 3
11 8
8 5
8 2
169	0	-9	144
3 14
4 13
2 13
9 14
13 8
14 7
12 7
13 13
14 12
13 11
14 4
3 9
12 1
1 6
10 2
2 7
1 2
12 9
6 12
5 3
6 7
3 6
13 3
11 6
8 5
8 2
169	0	-9	144
3 14
4 13
2 13
9 14
13 8
14 7
12 7
13 13
14 12
13 11
14 4
3 9
12 1
1 6
10 2
2 7
1 2
12 9
6 12
5 3
6 7
3 6
13 3
11 8
8 5
8 2
169	0	-9	144
3 14
4 13
2 13
9 14
13 8
14 7
12 7
13 13
14 12
13 11
14 4
3 9
12 1
1 6
10 2
2 7
1 2
12 9
6 12
5 3
6 7
3 6
13 3
11 8
8 5
8 2
169	0	-9	144
3 14
4 13
2 13
9 14
13 8
14 7
12 7
13 13
14 12
13 11
14 4
3 9
12 1
1 6
10 2
2 7
1 2
12 9
6 12
5 3
6 7
3 6
13 3
11 8
8 5
8 2
169	0	-9	144
3 14
4 13
2 13
9 14
13 8
14 7
12 7
13 13
14 12
13 11
14 4
3 9
12 1
1 6
10 2
2 7
1 2
12 9
6 12
5 3
6 7
3 6
13 3
11 8
8 5
8 2
169	0	-9	144
3 14
4 13
2 13
9 14
13 8
14 7
12 7
13 13
14 12
13 11
14 4
3 9
12 1
1 6
10 2
2 7
1 2
12 9
6 12
5 3
6 7
3 6
13 3
11 8
8 5
8 2
169	0	-9	144
3 14
4 13
2 13
9 14
13 8
14 7
12 7
13 13
14 12
13 11
14 4
3 9
12 1
1 6
10 2
2 7
1 2
12 9
6 12
5 3
6 7
3 6
13 3
11 8
8 5
8 2
169	0	-9	144
3 14
4 13
2 13
9 14
13 8
14 7
12 7
13 13
14 12
13 11
14 4
3 9
12 1
1 6
10 2
2 7
1 2
12 9
6 12
5 3
6 7
3 6
13 3
11 8
8 5
8 2
169	0	-9	144
3 14
4 13
2 13
9 14
13 8
14 7
12 7
13 13
14 12
13 11
14 4
3 9
12 1
1 6
10 2
2 7
1 2
12 9
6 12
5 3
6 7
3 6
13 3
11 8
8 5
8 2
169	0	-9	144
3 14
4 13
2 13
9 14
13 8
14 7
12 7
13 13
14 12
13 11
14 4
3 9
12 1
1 6
10 2
2 7
1 2
12 9
6 12
5 3
6 7
3 6
13 3
11 8
8 5
8 2
169	0	-9	144
3 14
4 13
2 13
9 14
13 8
14 7
12 7
13 13
14 12
13 11
14 4
3 9
12 1
1 6
10 2
2 7
1 2
12 9
6 12
5 3
6 7
3 6
13 3
11 8
8 5
8 2
172	0	-10	144
2 10
4 13
2 13
9 14
13 8
14 7
12 7
13 13
14 12
13 11
14 4
3 9
12 1
1 6
10 2
2 7
1 2
12 9
6 12
5 3
6 7
3 6
13 3
11 8
8 5
8 2
169	0	-9	144
3 14
4 13
2 13
9 14
13 8
14 7
12 7
13 13
14 12
13 11
14 4
3 9
12 1
1 6
10 2
2 7
1 2
12 9
6 12
5 3
6 7
3 6
13 3
11 8
8 5
8 2
169	0	-9	144
3 14
4 13
2 13
9 14
13 8
14 7
12 7
13 13
14 12
13 11
14 4
3 9
12 1
1 6
10 2
2 7
1 2
12 9
6 12
5 3
6 7
3 6
13 3
11 8
8 5
8 2
169	0	-9	144
3 14
4 13
2 13
9 14
13 8
14 7
12 7
13 13
14 12
13 11
14 4
3 9
12 1
1 6
10 2
2 7
1 2
12 9
6 12
5 3
6 7
3 6
13 3
11 8
8 5
8 2
169	0	-9	144
3 14
4 13
2 13
9 14
13 8
14 7
12 7
13 13
14 12
13 11
14 4
3 9
12 1
1 6
10 2
2 7
1 2
12 9
6 12
5 3
6 7
3 6
13 3
11 8
8 5
8 2
172	0	-10	144
2 10
4 13
2 13
9 14
13 8
14 7
12 7
13 13
14 12
13 11
14 4
3 9
12 1
1 6
10 2
2 7
1 2
12 9
6 12
5 3
6 7
3 6
13 3
11 8
8 5
8 2
169	0	-9	144
3 14
4 13
2 13
9 14
13 8
14 7
12 7
13 13
14 12
13 11
14 4
3 9
12 1
1 6
10 2
2 7
1 2
12 9
6 12
5 3
6 7
3 6
13 3
11 8
8 5
8 2
169	0	-9	144
3 14
4 13
2 13
9 14
13 8
14 7
12 7
13 13
14 12
13 11
14 4
3 9
12 1
1 6
10 2
2 7
1 2
12 9
6 12
5 3
6 7
3 6
13 3
11 8
8 5
8 2
172	0	-10	144
2 10
4 13
2 13
9 14
13 8
14 7
12 7
13 13
14 12
13 11
14 4
3 9
12 1
1 6
10 2
2 7
1 2
12 9
6 12
5 3
6 7
3 6
13 3
11 8
8 5
8 2
169	0	-9	144
3 14
4 13
2 13
9 14
13 8
14 7
12 7
13 13
14 12
13 11
14 4
3 9
12 1
1 6
10 2
2 7
1 2
12 9
6 12
5 3
6 7
3 6
13 3
11 6
8 5
8 2
169	0	-9	144
3 14
4 13
2 13
9 14
13 8
14 7
12 7
13 13
14 12
13 11
14 4
3 9
12 1
1 6
10 2
2 7
1 2
12 9
6 12
5 3
6 7
3 6
13 3
11 8
8 5
8 2
172	0	-10	144
2 10
4 13
2 13
9 14
13 8
14 7
12 7
13 13
14 12
13 11
14 4
3 9
12 1
1 6
10 2
2 7
1 2
12 9
6 12
5 3
6 7
3 6
13 3
11 8
8 5
8 2
169	0	-9	144
3 14
4 13
2 13
9 14
13 8
14 7
12 7
13 13
14 12
13 11
14 4
3 9
12 1
1 6
10 2
2 7
1 2
12 9
6 12
5 3
6 7
3 6
13 3
11 8
8 5
8 2
172	0	-10	144
2 10
4 13
2 13
9 14
13 8
14 7
12 7
13 13
14 12
13 11
14 4
3 9
12 1
1 6
10 2
2 7
1 2
12 9
6 12
5 3
6 7
3 6
13 3
11 8
8 5
8 2
169	0	-9	144
3 14
4 13
2 13
9 14
13 8
14 7
12 7
13 13
14 12
13 11
14 4
3 9
12 1
1 6
10 2
2 7
1 2
12 9
6 12
5 3
6 7
3 6
13 3
11 8
8 5
8 2
157	-1	-6	144
3 14
4 13
2 13
9 14
13 8
14 7
12 7
13 13
14 12
13 11
14 4
9 4
12 1
1 6
10 2
2 7
1 2
12 9
6 12
5 3
6 7
3 6
9 8
4 10
12 9
8 2
169	0	-9	144
3 14
4 13
2 13
9 14
13 8
14 7
12 7
13 13
14 12
13 11
14 4
3 9
12 1
1 6
10 2
2 7
1 2
12 9
6 12
5 3
6 7
3 6
13 3
11 8
8 5
8 2
169	0	-9	144
3 14
4 13
2 13
9 14
13 8
14 7
12 7
13 13
14 12
13 11
14 4
3 9
12 1
1 6
10 2
2 7
1 2
12 9
6 12
5 3
6 7
3 6
13 3
11 8
8 5
8 2
172	0	-10	144
2 10
4 13
2 13
9 14
13 8
14 7
12 7
13 13
14 12
13 11
14 4
3 9
12 1
1 6
10 2
2 7
1 2
12 9
6 12
5 3
6 7
3 6
13 3
11 8
8 5
8 2
169	0	-9	144
3 14
4 13
2 13
9 14
13 8
14 7
12 7
13 13
14 12
13 11
14 4
3 9
12 1
1 6
10 2
2 7
1 2
12 9
6 12
5 3
6 7
3 6
13 3
11 8
8 5
8 2
169	0	-9	144
3 14
4 13
2 13
9 14
13 8
14 7
12 7
13 13
14 12
13 11
14 4
3 9
12 1
1 6
10 2
2 7
1 2
12 9
6 12
5 3
6 7
3 6
13 3
11 8
8 5
8 2
172	0	-10	144
2 10
4 13
2 13
9 14
13 8
14 7
12 7
13 13
14 12
13 11
14 4
3 9
12 1
1 6
10 2
2 7
1 2
12 9
6 12
5 3
6 7
3 6
13 3
11 8
8 5
8 2
172	0	-10	144
2 10
4 13
2 13
9 14
13 8
14 7
12 7
13 13
14 12
13 11
14 4
3 9
12 1
1 6
10 2
2 7
1 2
12 9
6 12
5 3
6 7
3 6
13 3
11 8
8 5
8 2
169	0	-9	144
3 14
4 13
2 13
9 14
13 8
14 7
12 7
13 13
14 12
13 11
14 4
3 9
12 1
1 6
10 2
2 7
1 2
12 9
6 12
5 3
6 7
3 6
13 3
11 6
8 5
8 2
172	0	-10	144
2 10
4 13
2 13
9 14
13 8
14 7
12 7
13 13
14 12
13 11
14 4
3 9
12 1
1 6
10 2
2 7
1 2
12 9
6 12
5 3
6 7
3 6
13 3
11 8
8 5
8 2
169	0	-9	144
3 14
4 13
2 13
9 14
13 8
14 7
12 7
13 13
14 12
13 11
14 4
3 9
12 1
1 6
10 2
2 7
1 2
12 9
6 12
5 3
6 7
3 6
13 3
11 6
8 5
8 2
169	0	-9	144
3 14
4 13
2 13
9 14
13 8
14 7
12 7
13 13
14 12
13 11
14 4
3 9
12 1
1 6
10 2
2 7
1 2
12 9
6 12
5 3
6 7
3 6
13 3
11 8
8 5
8 2
169	0	-9	144
3 14
4 13
2 13
9 14
13 8
14 7
12 7
13 13
14 12
13 11
14 4
3 9
12 1
1 6
10 2
2 7
1 2
12 9
6 12
5 3
6 7
3 6
13 3
11 8
8 5
8 2
172	0	-10	144
2 10
4 13
2 13
9 14
13 8
14 7
12 7
13 13
14 12
13 11
14 4
3 9
12 1
1 6
10 2
2 7
1 2
12 9
6 12
5 3
6 7
3 6
13 3
11 8
8 5
8 2
172	0	-10	144
2 10
4 13
2 13
9 14
13 8
14 7
12 7
13 13
14 12
13 11
14 4
3 9
12 1
1 6
10 2
2 7
1 2
12 9
6 12
5 3
6 7
3 6
13 3
11 8
8 5
8 2
172	0	-10	144
2 10
4 13
2 13
9 14
13 8
14 7
12 7
13 13
14 12
13 11
14 4
3 9
12 1
1 6
10 2
2 7
1 2
12 9
6 12
5 3
6 7
3 6
13 3
11 8
8 5
8 2
169	0	-9	144
3 14
4 13
2 13
9 14
13 8
14 7
12 7
13 13
14 12
13 11
14 4
3 9
12 1
1 6
10 2
2 7
1 2
12 9
6 12
5 3
6 7
3 6
13 3
11 8
8 5
8 2
172	0	-10	144
2 10
4 13
2 13
9 14
13 8
14 7
12 7
13 13
14 12
13 11
14 4
3 9
12 1
1 6
10 2
2 7
1 2
12 9
6 12
5 3
6 7
3 6
13 3
11 8
8 5
8 2
172	0	-10	144
2 10
4 13
2 13
9 14
13 8
14 7
12 7
13 13
14 12
13 11
14 4
3 9
12 1
1 6
10 2
2 7
1 2
12 9
6 12
5 3
6 7
3 6
13 3
11 8
8 5
8 2
169	0	-9	144
3 14
4 13
2 13
9 14
13 8
14 7
12 7
13 13
14 12
13 11
14 4
3 9
12 1
1 6
10 2
2 7
1 2
12 9
6 12
5 3
6 7
3 6
13 3
11 8
8 5
8 2
169	0	-9	144
3 14
4 13
2 13
9 14
13 8
14 7
12 7
13 13
14 12
13 11
14 4
3 9
12 1
1 6
10 2
2 7
1 2
12 9
6 12
5 3
6 7
3 6
13 3
11 8
8 5
8 2
169	0	-9	144
3 14
4 13
2 13
9 14
13 8
14 7
12 7
13 13
14 12
13 11
14 4
3 9
12 1
1 6
10 2
2 7
1 2
12 9
6 12
5 3
6 7
3 6
13 3
11 8
8 5
8 2
169	0	-9	144
3 14
4 13
2 13
9 14
13 8
14 7
12 7
13 13
14 12
13 11
14 4
3 9
12 1
1 6
10 2
2 7
1 2
12 9
6 12
5 3
6 7
3 6
13 3
11 8
8 5
8 2
169	0	-9	144
3 14
4 13
2 13
9 14
13 8
14 7
12 7
13 13
14 12
13 11
14 4
3 9
12 1
1 6
10 2
2 7
1 2
12 9
6 12
5 3
6 7
3 6
13 3
11 8
8 5
8 2
172	0	-10	144
2 10
4 13
2 13
9 14
13 8
14 7
12 7
13 13
14 12
13 11
14 4
3 9
12 1
1 6
10 2
2 7
1 2
12 9
6 12
5 3
6 7
3 6
13 3
11 8
8 5
8 2
157	-1	-6	144
3 14
4 13
2 13
9 14
13 8
14 7
12 7
13 13
14 12
13 11
14 4
9 4
12 1
1 6
10 2
2 7
1 2
12 9
6 12
5 3
6 7
3 6
9 8
4 10
12 9
8 2
172	0	-10	144
2 10
4 13
2 13
9 14
13 8
14 7
12 7
13 13
14 12
13 11
14 4
3 9
12 1
1 6
10 2
2 7
1 2
12 9
6 12
5 3
6 7
3 6
13 3
11 8
8 5
8 2
169	0	-9	144
3 14
4 13
2 13
9 14
13 8
14 7
12 7
13 13
14 12
13 11
14 4
3 9
12 1
1 6
10 2
2 7
1 2
12 9
6 12
5 3
6 7
3 6
13 3
11 8
8 5
8 2
166	0	-7	144
3 14
4 13
2 13
9 14
13 8
14 7
12 7
13 13
14 12
13 11
14 4
3 9
12 1
1 6
10 2
2 7
1 2
12 9
6 12
5 3
6 7
3 6
9 8
8 5
8 5
8 2
169	0	-9	144
3 14
4 13
2 13
9 14
13 8
14 7
12 7
13 13
14 12
13 11
14 4
3 9
12 1
1 6
10 2
2 7
1 2
12 9
6 12
5 3
6 7
3 6
13 3
11 8
8 5
8 2
169	0	-9	144
3 14
4 13
2 13
9 14
13 8
14 7
12 7
13 13
14 12
13 11
14 4
3 9
12 1
1 6
10 2
2 7
1 2
12 9
6 12
5 3
6 7
3 6
13 3
11 8
8 5
8 2
172	0	-10	144
2 10
4 13
2 13
9 14
13 8
14 7
12 7
13 13
14 12
13 11
14 4
3 9
12 1
1 6
10 2
2 7
1 2
12 9
6 12
5 3
6 7
3 6
13 3
11 8
8 5
8 2
172	0	-10	144
2 10
4 13
2 13
9 14
13 8
14 7
12 7
13 13
14 12
13 11
14 4
3 9
12 1
1 6
10 2
2 7
1 2
12 9
6 12
5 3
6 7
3 6
13 3
11 8
8 5
8 2
172	0	-10	144
2 10
4 13
2 13
9 14
13 8
14 7
12 7
13 13
14 12
13 11
14 4
3 9
12 1
1 6
10 2
2 7
1 2
12 9
6 12
5 3
6 7
3 6
13 3
11 8
8 5
8 2
172	0	-10	144
2 10
4 13
2 13
9 14
13 8
14 7
12 7
13 13
14 12
13 11
14 4
3 9
12 1
1 6
10 2
2 7
1 2
12 9
6 12
5 3
6 7
3 6
13 3
11 8
8 5
8 2
169	0	-9	144
3 14
4 13
2 13
9 14
13 8
14 7
12 7
13 13
14 12
13 11
14 4
3 9
12 1
1 6
10 2
2 7
1 2
12 9
6 12
5 3
6 7
3 6
13 3
11 6
8 5
8 2
172	0	-10	144
2 10
4 13
2 13
9 14
13 8
14 7
12 7
13 13
14 12
13 11
14 4
3 9
12 1
1 6
10 2
2 7
1 2
12 9
6 12
5 3
6 7
3 6
13 3
11 8
8 5
8 2
