10
12
1 10 0
2 2 1
2 7 0
2 9 0
4 2 5
4 4 1
4 7 1
4 10 0
5 12 0
6 8 0
6 11 2
7 10 1
9 2 5
9 6 3
9 8 5
10 8 0
10 9 5
96	-5	-5
7 11
6 10
10 5
4 6
1 6
4 3
7 7
6 1
10 10
1 2
7 8
8 7
3 3
101	-3	-9
7 11
6 10
5 11
9 9
9 5
10 7
7 12
3 1
7 1
8 2
1 7
3 2
98	-2	-7
7 11
6 10
4 8
2 12
5 2
10 2
3 1
8 4
7 1
1 3
1 7
10 10
91	0	-7
4 8
6 10
8 8
1 7
2 12
7 4
6 3
3 5
92	-1	-5
7 11
6 10
5 1
4 5
1 8
7 3
3 2
8 1
7 3
99	-3	-7
7 11
6 10
1 11
8 11
9 5
10 7
4 3
5 3
7 1
8 2
1 7
3 2
110	-6	-10
7 11
6 10
1 9
8 5
5 3
2 4
2 11
9 10
7 2
4 1
1 1
9 5
2 6
4 1
3 6
9 10
1 8
10 7
9 5
99	-3	-7
7 11
6 10
1 11
8 11
9 5
10 7
4 3
5 3
7 1
8 2
1 7
3 2
72	0	-5
7 11
6 10
2 3
3 6
8 9
4 8
101	-4	-6
7 11
6 10
4 8
1 1
9 10
9 12
3 1
8 4
7 1
5 5
9 3
10 10
90	-8	-4
7 11
6 10
8 9
9 1
9 5
3 1
8 2
10 2
8 2
1 7
7 2
9 3
5 4
7 4
10 6
3 2
82	0	-6
7 11
6 10
4 8
2 12
5 5
1 3
7 6
102	-6	-7
7 11
6 10
3 7
10 11
5 1
5 9
2 6
3 1
7 2
4 5
8 1
4 9
1 2
10 3
106	-7	-5
7 11
6 10
3 8
9 7
1 11
10 4
10 2
9 12
8 6
5 4
10 7
5 4
9 5
7 9
5 1
6 2
1 2
9 9
95	0	-9
7 11
6 10
7 1
3 5
9 10
6 12
9 4
4 6
1 12
5 8
72	0	-5
7 11
6 10
4 8
6 3
3 4
8 9
77	-2	-4
7 11
6 10
8 9
7 3
4 8
2 12
10 10
10 3
9 5
4 5
94	-2	-6
7 11
6 10
2 5
7 3
3 8
9 12
4 3
1 3
8 1
